INDEX flts‘rolttcus.

8111111111 155, 6. 246, 10 297, 16.
S. 8111111194,3. 161, 13.

81111111 11111111 46, 13.83,11.
’81111111 11111111 167, 15.187,15.

81111111 Porphyrogennetua 229, 26.

233, 21.
Basilius 711161111111121, 7.
81111111 29, 9. 245, 15.
811111111248, 20.
1111111111111111221, 16.
psalssngl 34, 2. 56, 17. 97, 8.
11111113, 2. 22, 8. 116, 16.

, Bithynia 173, 3. 366, 14. epar.

chia 103, 3.
811111111123, 23. 63, 15. 138,
17. 242, 1. 251, 4 253, 26.

» 256, 11. 276, 26. 271, 12.

81111111111111153, 7. ’
8111111111 138, 2.
81113111ὲ111161111111 11 llicepha.

1111111111 111111111111111319, 21.
81111111 284, 22.

, Britannicae 1111111221, 14.

8111111111289, 21.

= 1111111113, 23.
“ 8111111111186,26.

81131119, ,.17 29, 6,“83, 16. 229,
8113616118 11111811)1831129112.21

Balgatia 234, 9. -

1 Balgarophygaru 29, 19.

Byzantii 14, 2. 48, 15. 122, 9.

329

transactae Ἀντιοχείας 172, 2.
Anicianae 265, 7. 811611111-
1611111556 Ἰταλίας 11,19.
πόλεως 242, ’.22

Cutina 117, 26.

calcatae 133, 11. 135, 14.

Celtiberia 231, 1.

Celtica .

61111111 136, 1.

6111111111. v. llichael C.

Chalcedon 178, 2. 266, 8. 241,
19. 267, 13.

chalcedoniam 1111111 143, 8.

chalceus 121, 21.

6111111 36, 6.

Chaldia 78, 15.

6111111954.168,9.111,7.137,14.

611111111111111112256. 226,18.

6111111ροί11 36, 3.

6111111111 provincia 146, 8.

61111111111137, l. 172, 2. 174, 12.

6111111292.132,1.148,19.

611111111 156, 9.

61111111111185, 4.

61111111111111 167, 14.

6111111411, 16.

Choroaalaris 7111117819.

χρυσῆ adara 92, 7.
χρυσο11111111ν25622.

χρυσόβουλλοςγραφῃ 61, 7. 279,
24 29817 λόγος246,5..283,21

,6111111111158218812 266,9.
alli, 19. 267, 13. 276, 21. 367,.1

61111111111111. 273, 23.

237, 6. 255, 7. 286, 2. cl ἐκ χρυσοτρίκ11111142,12.169,1.
που Baccanae 1734 Byzantium 61111119413.166,7.165,2.126,
186,15. 218,1. ἦ Βύζαντος 5. 174, 3. 225,18

268, 3. 211, 2. 1721. 188, 14.

(123,14.5,4 14. 118141111155,

, Caesar 16, 22. 162, 1. 285, 6.

6111111194, t. 125, 19. 61111-
11ἐ1ἑ11194,’11. 139, 7. ’146, 16.
1 ,19.

111111 rubri 59, 2.

camelopardalis 49, 17.

611111111111161,16.

Cappadoces 541 99,26.161,14.
16218.113,16.162,19.176,
16. 184, 22.

Carpathicae 11111 224, 19

Carthago 219,2 .

Claudiap olis 138, 7.

Clidiump clausura 236, 16.

6111181111165,2.126, 5.

Colonia 78, 16, 165, 4. 136,14.
168, 4 178, 2.

11111111 143, 9.

6111111361,1· ,

1111111191,18, 211,8. '

11111111

Comneni 11111111611111111111,
7111111,11111111,11111116.

de coniugibus 111111111111111312,

Constantinopolin 56, 9. 148,14.
176,18. 213, 12. 246, 6. eadent

 

