. 1611661 comnenus 138, 21. 147, 23.

1661616161146, 19. 149, 3. 159,
14. 166, 9.

88116116

11616

1661666611616 125, 6. . ·

Maxentius 218, 2.

116111 222, 15. -

11661666 1161621, 3. 46, 24.

μέδιμνος otrou 258, 9.

116616166616313, 16.

llelangea· 124, 10.

116166616111616 168, 4.

Melitene 22, 10. 78, 16. 93, 7.
97, 2. 107, 8. 121, 15. 128, 6.
135, 7. 183, 16. 227, 8.

166666 289, 11.

11666116161111678, 15. 93, 6. 97, 1.
126, 17. 131,11. 158, 17.

16161616 castellani 189, 17. 191,

mmm
’ S. llichael 016616 661166 194,17.

· 1161661 Attaliota 8, 6. 97, 23. 98,

16. 102, 21. 112, 23. 114, 23.
’ ⁸118, 16. 120,19. 124, 12. 128,⁴

23. 132, 7. 135, 20. 136, 4.

152, 17. 153,13. 154,19. 158,

23. 162, 20. 167, 4. 188, 6.

196, 18. 244, 6. 249, 18. 256,
. 1. 292, 11. 322, 10.

’ 11161661 1616616166 230, 22. 234,

mmm ·

116166166161116166 10, 21.· ’

. 11161661 cerularius patriarcha 56,

11161661 comnenus. =

11161661 Decianus 9, 15. 34, 26116.

11161661 Nicomedensis 181,4.· 296,

11161661 Paphlago 8, 19.

11161661 16161166666169,19. 171,
1. 18114. 270, 20. 275, 3. 288,
16. 3 , 9.

1161661811611611611652,29. 94, 22.

μονοπώλιον 202, 5.

Mopsi iontos 229, 9.

Nopsulrestia 137, 3 6118.

Nupurus i. q. 866166 111666 133, 10.

munera annua senatoribus data 122,

111161111611190, 1.

Myrmidones 87, 13.

’ 11161 8611611 9, 16. ·

mour ι

16111661270, 9.

Neapolis prope cpolin 69, 8.
1166111116 221, 6.

1616111116 125, 15. 147,.1.
Neocaesarea 105, 12.
16666666166666 278, 19.
Nephthalitae 61611111 1. ’
Neos insula 214, 15. ’

166161 1166161616 205, 7. 207, 21.

Nestorius haeresiarcha 97, 3.

mmmwmmmm

mmmm

Nicephorus Botaniatos imperatoris s

auus 230, 3.

11661161661616111616639, 20. 56, .

66666666166613.ἔ

mmmmmsm
14. 255, 9. 256, 17. 251113.
260, 21. 263, 5.,269, 9.
116611616611161111166 154, 3. 242,
15. 246, 21. 249, 22. 262, 8.
284, 20. 292. „
Nicephoruslogotheta180,20. 199,
6. 290, 13. 208, 16246, 2.
1166116166116666 217, 17. 223, 4.
81166161 666661611611192, 8.
Nicomedia 54, 20. 189, 7. 268, 7.
11111611. 274, 2.
nobilissimus 1113. 286, 21. 298,
6Μ6·’
661616631211. 313, 1. 316, 1.
6666666 occidentalis.
Olympus mons 92, 22.
ὀρθοδοξίας ἡμέρα 143, 2.
1661611161. 273, 22.
palatium australe 10,17. ma-
1111116279, 16. 66116611166616
10, 17. palatia ambo 272, 3.
palatii custodes 294,17. 296, 2.
1666161166 Abasgus 236, 6.
1666161166 Armenius 80, 12.
Panium 99, 1, 249, 4.
816111616661611 252, 5. 6166 pons
251, 19.
Paphlagonia 173, 2.
pascha 12, 8. 20, 22. 122, 16.
πατροαρχικαὶ οἰκίαι 59,13.
patricii 11, 18. 22, 8. 124, 13.
88. potrum templum Nicaeae 91, 6.
161616661 30, 6. 40,19. 83, 3.
85, 24. 87, 20. 205, 5. 209, 9.
261,21. 290,16. 298 11.
302, 2.

 

