5151551151.

81551111 165, 18.

, 055151 5151155115 168,7.
Peloponnesi 1151511. iudex.
0511511151οὁ0, 14.

15155543, 01. 104, 00. 105, 11.
0515551151010, 00.

, Petria 16, 6.

Petrus Libolliuo 111, l.
Pharasmatiuo Apocapes 116, 10.
0511515155 Bouianum 130, 10.

301, 8.

1115551155 017, 6.
106555151ιο58, 01.
Ρ111131578, 01. 103, 4.
Phygellum, 00.
Pipemde monasterium 160, 7.
Pisidia 136, 16. 173, 1.
Ρ5115511 515155115113, 173, 03.
1515515555, 6.
· Pontius 070, 13.· 7551151115 mare
006, 10.
praefectus 511115 1. innexae.
Ptaeuelum 068, 6. 070, 16 5103.
5155555115533, 00.
Praeotlalaba m agua 37, 01.
Prema 151. 030, 18,
5156515155 a. μέδιμνος.
7115515151111.13,0.
prodigia
01555555555508,10.
ριο15115155,15,55,15.14515.

“ 168, 7. 170, 11. 100, 13. 040,

15.047,10.050,00.51111515.
phorum 01, 105151511555115.
1115118010.
Propontis 00, 11. 100, 7. 170, 5.
103, 5. 060, 3
01515155170, 10
πρωιοβεσιιᾶριος66, 13. 075,15.
ιιρ ωιοιιρ 416 ρος 138, 01. 160, 03.
173, 16. 180, 10. 007, 10
πριιῑῖος ἄσεκρηιις 167, 14.
55155515115167,14.100,10.
πρωιοσὺγκελλοι 130, 10.
Pylae 0685. -
1551513011.
rex 001, 7.
Rhaedeoteui 044, 00.
’0155155155 08,10. 80, 03. 001,
00. 044, 65110. 048, 10. 061,
ilheoiaciuo 551115 36, 16.

108
7. 55510185. 555115511111
0,.10 κρηπῖδες Ρωμ5155141, 6.
46551 143, 6. 061, 3.
Romanopolis 130,1
11555551 Diogenes 07,7. 170, 00.

Romanus 515155155511151 086,10.
1151515555 068, 8.

35551151148,00.183,11.185,1.
186, 13.101,00.108,10.006,

11. 050, 01. 0604. 0100. 071,
03. 088, 00. .

115551 054, 03. 1111551555 55151

. . 551551351555515111 “, ·

,1514110055 βασιλικός 078, 01.

” Samuel Aluaiaoua 103,11.

Samuel 85135151551151030,17.

8555511551. 145, 10. 181, 00.

Saraceni 100, 105101. “

Sarbaodicus 51555 138, 3.

85111155 10, 5. 67, 1, 07, 16.

Sauromatae 66, 00.,07, 17. lle.
151111 141,1.

155155 078, 6.

scholarum σύνταγμα 110, 10.’

’ sulpio Africanae 018, 00. “

8515154115115115 010,14.
Scythae 14017. 30000. 5111111551

- 300,14.1’1111555130,5.36,

5515165, 51. 155, ι’1.
851ιρρ1556105,4.136, 14. 130, 00.
8511511551 105,03.107,1.
σεβαστός 000, 6.
5145515511ρ55001.,
515ρ115304, 13. 51551155150,

, 15 σεκρετιιιὰ ζητήματα 76,8.

ρὲιιρειιρλιρέ 11521.5,31511ς 180, 00.
σε mo

Seleucia 137, 5.

Solle 8511115 67, 0.

Selymbria 03, 11. 050, 00.
Semiramidis 1555515 051, 0.
81511158, 01.

- Side 18010.

ἧ 1111ηρ535,51.35, 6.
8135151411.
8115555

5. sophia 15, 15. mou. 15, ιι. 2
56, 00. 50, 10. 60, 10. 74, 10.
100, 3. 056, 14 050, 4. 070, 4
071, 17. 300,6. 11155555 01, 5.
lloma 001, 3 amiqua 018, 1 51 8551155 15555 180, 16.

 

